0700
3690
1299
9618
9633
0388
1876
0016
1024
1810
2388
2020
6618
0011
0066
1109
0027
0267
0688
2269
1928
0981
0291
0001
1113
0669
2057
2328
9961
2331
2015
0960
1929
0762
0002
0788
1997
2319
0003
0916
0012
2313
2688
0175
6862
0241
1972
1179
2618
2382
0881
1093
1038
0316
0019
0006
1209
3692
1177
6969
0083
0322
0020
0968
0992
6823
0004
2007
1378
1193
6098
0101
0836
6186
1099
0151
1211
0384
0868
0288
3800
3323
0293
0017
0268
1066
0270
0135
1308
0656
1801
1128
1548
9888
9988
9626
2333
9868
2318
0939
0285